ALFA 0.1

Execucao 1
	575  895  946  426  792  143  543  209  415  461  107  392  319  68  25  957  

Execucao 2
	760  593  444  946  98  826  548  81  307  472  746  690  600  163  334  

Execucao 3
	593  444  195  760  359  792  181  440  486  353  548  614  520  323  124  364  

Execucao 4
	593  923  242  486  792  738  359  548  440  257  946  600  596  252  610  

Execucao 5
	401  143  107  415  319  644  284  746  486  844  461  894  68  616  517  

Execucao 6
	472  895  486  997  543  604  946  644  847  143  461  319  780  

Execucao 7
	758  181  80  353  959  318  307  143  575  39  239  509  294  742  

Execucao 8
	353  207  319  614  486  352  345  792  768  212  440  971  323  

Execucao 9
	826  181  239  352  637  548  440  461  792  39  596  971  345  576  418  571  

Execucao 10
	637  977  98  352  415  134  644  345  300  682  190  891  418  890  

Execucao 11
	895  637  708  997  181  461  359  392  300  644  848  563  294  711  

Execucao 12
	755  134  860  981  352  359  98  923  604  461  847  644  736  829  

Execucao 13
	953  352  746  760  195  575  98  826  847  189  548  690  392  17  674  

Execucao 14
	225  895  923  257  578  440  548  738  356  844  894  704  761  

Execucao 15
	234  285  792  143  241  242  392  359  923  604  847  829  593  294  796  

Execucao 16
	910  80  953  604  543  356  708  792  486  596  523  858  332  

Execucao 17
	910  860  580  760  392  356  614  548  352  189  755  465  2  

Execucao 18
	328  31  241  98  318  520  194  212  946  134  736  250  769  

Execucao 19
	953  415  195  352  548  285  242  575  792  392  219  356  6  

Execucao 20
	708  406  319  792  359  190  239  300  107  847  441  345  665  559  

ALFA 0.2

Execucao 1
	465  461  209  860  45  239  441  576  359  548  899  704  

Execucao 2
	563  284  543  486  971  441  319  548  690  440  68  461  105  833  687  

Execucao 3
	833  195  163  959  319  294  847  242  860  444  234  279  35  

Execucao 4
	971  576  359  792  848  345  190  143  575  441  181  284  510  958  

Execucao 5
	353  869  401  659  299  593  596  328  480  36  792  977  558  

Execucao 6
	560  816  869  241  847  242  792  143  593  746  317  279  400  

Execucao 7
	570  247  81  816  181  792  940  593  946  977  323  71  391  

Execucao 8
	395  755  212  614  773  328  604  860  352  486  600  207  780  166  279  

Execucao 9
	600  50  195  219  637  406  869  981  548  250  792  323  242  43  

Execucao 10
	352  223  975  163  612  644  328  801  596  600  395  690  486  36  818  

Execucao 11
	684  143  318  234  520  223  867  576  39  959  239  93  124  844  

Execucao 12
	223  189  124  867  910  746  580  480  575  906  401  318  

Execucao 13
	37  212  738  773  195  426  370  940  507  599  234  635  991  

Execucao 14
	720  181  758  36  345  31  480  575  604  946  671  977  167  388  214  

Execucao 15
	189  736  323  39  867  285  792  71  613  370  294  833  826  605  781  

Execucao 16
	207  654  194  323  250  760  353  345  548  755  486  356  196  733  

Execucao 17
	981  665  677  959  764  596  829  223  81  323  71  39  36  

Execucao 18
	190  385  981  953  194  134  612  682  867  603  566  619  

Execucao 19
	502  391  738  239  953  570  134  578  616  300  247  599  740  

Execucao 20
	81  57  940  801  869  71  392  736  981  773  234  635  991  

ALFA 0.3

Execucao 1
	455  792  81  746  166  946  940  64  638  444  21  

Execucao 2
	614  428  143  867  239  279  356  755  923  234  573  642  410  

Execucao 3
	131  848  395  760  331  48  600  746  359  242  134  899  141  

Execucao 4
	240  284  652  194  760  764  81  507  578  363  225  324  

Execucao 5
	901  843  892  166  637  207  323  677  593  755  486  294  126  625  

Execucao 6
	871  977  637  888  242  486  81  406  792  682  593  600  247  359  

Execucao 7
	701  869  219  600  279  50  80  604  708  275  406  486  909  967  

Execucao 8
	401  329  666  869  307  80  612  98  143  21  577  107  794  

Execucao 9
	950  486  953  257  596  110  682  318  665  829  593  297  

Execucao 10
	20  769  886  190  576  241  143  441  894  107  613  575  141  407  

Execucao 11
	31  899  181  847  461  239  440  441  708  107  826  345  93  12  39  105  

Execucao 12
	677  743  241  971  134  353  207  305  356  352  209  582  687  

Execucao 13
	486  560  888  195  833  600  181  637  708  444  826  593  792  605  

Execucao 14
	159  625  575  57  616  600  593  746  359  143  738  392  665  792  

Execucao 15
	395  593  600  166  908  12  194  134  31  328  307  755  48  833  

Execucao 16
	851  666  873  959  780  764  143  319  768  682  50  867  133  

Execucao 17
	529  307  517  892  946  659  401  486  677  548  520  166  701  

Execucao 18
	486  764  543  391  126  972  971  520  472  690  493  105  

Execucao 19
	666  486  317  616  826  746  107  126  300  894  345  654  77  

Execucao 20
	392  969  934  625  441  521  659  860  143  792  910  575  359  

